Alignment,Time
0,1.84
1,1.90
2,1.90
3,1.90
4,1.90
5,1.90
6,1.90
7,1.90
8,1.82
9,1.90
10,1.90
11,1.90
12,1.90
13,1.90
14,1.90
15,1.90
16,1.82
17,1.90
18,1.90
19,1.90
20,1.90
21,1.90
22,1.90
23,1.90
24,1.82
25,1.90
26,1.90
27,1.90
28,1.90
29,1.90
30,1.90
31,1.90
32,1.82
33,1.90
34,1.90
35,1.90
36,1.90
37,1.90
38,1.90
39,1.90
40,1.82
41,1.90
42,1.90
43,1.90
44,1.90
45,1.90
46,1.90
47,1.90
48,1.82
49,1.90
50,1.90
51,1.90
52,1.90
53,1.90
54,1.90
55,1.90
56,1.82
57,1.90
58,1.90
59,1.90
60,1.90
61,1.90
62,1.90
63,1.90
64,1.82
