Alignment,Time
0,1.79
1,1.79
2,1.78
3,1.79
4,1.78
5,1.79
6,1.78
7,1.79
8,1.78
9,1.79
10,1.78
11,1.79
12,1.78
13,1.79
14,1.78
15,1.79
16,1.78
17,1.79
18,1.78
19,1.79
20,1.78
21,1.79
22,1.78
23,1.79
24,1.78
25,1.79
26,1.78
27,1.79
28,1.78
29,1.79
30,1.78
31,1.79
32,1.78
33,1.79
34,1.78
35,1.79
36,1.78
37,1.79
38,1.78
39,1.79
40,1.78
41,1.79
42,1.78
43,1.79
44,1.78
45,1.79
46,1.78
47,1.79
48,1.78
49,1.79
50,1.78
51,1.79
52,1.78
53,1.79
54,1.78
55,1.80
56,1.83
57,1.79
58,1.78
59,1.79
60,1.78
61,1.79
62,1.78
63,1.79
64,1.78
